ch = A
i = 100
f = 88.300003
d = 3.141600
Goodbye!
